0 745
1 745
2 745
3 745
4 745
5 745
6 745
7 745
8 745
9 745
10 745
11 745
12 745
13 745
14 745
15 745
16 745
17 745
18 745
19 745
20 745
21 745
22 745
23 745
24 745
25 745
26 745
27 745
28 745
29 745
30 745
31 745
32 745
33 745
34 745
35 745
36 745
37 745
38 745
39 745
40 745
41 745
42 745
43 745
44 745
45 745
46 745
47 745
48 745
49 745
50 745
51 745
52 745
53 745
54 745
55 745
56 745
57 745
58 745
59 745
60 745
61 745
62 745
63 745
64 745
65 745
66 745
67 745
68 745
69 745
70 745
71 745
72 745
73 745
74 745
75 745
76 745
77 745
78 745
79 745
80 745
81 745
82 745
83 745
84 745
85 745
86 745
87 745
88 745
89 745
90 745
91 745
92 745
93 745
94 745
95 745
96 745
97 745
98 745
99 745
100 745
101 745
102 745
103 745
104 745
105 745
106 745
107 745
108 745
109 745
110 745
111 745
112 745
113 745
114 745
115 745
116 745
117 745
118 745
119 745
120 745
121 745
122 745
123 745
124 745
125 745
126 745
127 745
128 745
129 745
130 745
131 745
132 745
133 745
134 745
135 745
136 745
137 745
138 745
139 745
140 745
141 745
142 745
143 745
144 745
145 745
146 745
147 745
148 745
149 745
150 745
151 745
152 745
153 745
154 745
155 745
156 745
157 745
158 745
159 745
160 745
161 745
162 745
163 745
164 745
165 745
166 745
167 745
168 745
169 745
170 745
171 745
172 745
173 745
174 745
175 745
176 745
177 745
178 745
179 745
180 745
181 745
182 745
183 745
184 745
185 745
186 745
187 745
188 745
189 745
190 745
191 745
192 745
193 745
194 745
195 745
196 745
197 745
198 745
199 745
200 745
201 745
202 745
203 745
204 745
205 745
206 745
207 745
208 745
209 745
210 745
211 745
212 745
213 745
214 745
215 745
216 745
217 745
218 745
219 745
220 745
221 745
222 745
223 745
224 745
225 745
226 745
227 745
228 745
229 745
230 745
231 745
232 745
233 745
234 745
235 745
236 745
237 745
238 745
239 745
240 745
241 745
242 745
243 745
244 745
245 745
246 745
247 745
248 745
249 745
250 745
251 745
252 745
253 745
254 745
255 745
256 745
257 745
258 745
259 745
260 745
261 745
262 745
263 745
264 745
265 745
266 745
267 745
268 745
269 745
270 745
271 745
272 745
273 745
274 745
275 745
276 745
277 745
278 745
279 745
280 745
281 745
282 745
283 745
284 745
285 745
286 745
287 745
288 745
289 745
290 745
291 745
292 745
293 745
294 745
295 745
296 745
297 745
298 745
299 745
300 745
301 745
302 745
303 745
304 745
305 745
306 745
307 745
308 745
309 745
310 745
311 745
312 745
313 745
314 745
315 745
316 745
317 745
318 745
319 745
320 745
321 745
322 745
323 745
324 745
325 745
326 745
327 745
328 745
329 745
330 745
331 745
332 745
333 745
334 745
335 745
336 745
337 745
338 745
339 745
340 745
341 745
342 745
343 745
344 745
345 745
346 745
347 745
348 745
349 745
350 745
351 745
352 745
353 745
354 745
355 745
356 745
357 745
358 745
359 745
360 745
361 745
362 745
363 745
364 745
365 745
366 745
367 745
368 745
369 745
370 745
371 745
372 745
373 745
374 745
375 745
376 745
377 745
378 745
379 745
380 745
381 745
382 745
383 745
384 745
385 745
386 745
387 745
388 745
389 745
390 745
391 745
392 745
393 745
394 745
395 745
396 745
397 745
398 745
399 745
400 745
401 745
402 745
403 745
404 745
405 745
406 745
407 745
408 745
409 745
410 745
411 745
412 745
413 745
414 745
415 745
416 745
417 745
418 745
419 745
420 745
421 745
422 745
423 745
424 745
425 745
426 745
427 745
428 745
429 745
430 745
431 745
432 745
433 745
434 745
435 745
436 745
437 745
438 745
439 745
440 745
441 745
442 745
443 745
444 745
445 745
446 745
447 745
448 745
449 745
450 745
451 745
452 745
453 745
454 745
455 745
456 745
457 745
458 745
459 745
460 745
461 745
462 745
463 745
464 745
465 745
466 745
467 745
468 745
469 745
470 745
471 745
472 745
473 745
474 745
475 745
476 745
477 745
478 745
479 745
480 745
481 745
482 745
483 745
484 745
485 745
486 745
487 745
488 745
489 745
490 745
491 745
492 745
493 745
494 745
495 745
496 745
497 745
498 745
499 745
500 745
501 745
502 745
503 745
504 745
505 745
506 745
507 745
508 745
509 745
510 745
511 745
512 745
513 745
514 745
515 745
516 745
517 745
518 745
519 745
520 745
521 745
522 745
523 745
524 745
525 745
526 745
527 745
528 745
529 745
530 745
531 745
532 745
533 745
534 745
535 745
536 745
537 745
538 745
539 745
540 745
541 745
542 745
543 745
544 745
545 745
546 745
547 745
548 745
549 745
550 745
551 745
552 745
553 745
554 745
555 745
556 745
557 745
558 745
559 745
560 745
561 745
562 745
563 745
564 745
565 745
566 745
567 745
568 745
569 745
570 745
571 745
572 745
573 745
574 745
575 745
576 745
577 745
578 745
579 745
580 745
581 745
582 745
583 745
584 745
585 745
586 745
587 745
588 745
589 745
590 745
591 745
592 745
593 745
594 745
595 745
596 745
597 745
598 745
599 745
600 745
601 745
602 745
603 745
604 745
605 745
606 745
607 745
608 745
609 745
610 745
611 745
612 745
613 745
614 745
615 745
616 745
617 745
618 745
619 745
620 745
621 745
622 745
623 745
624 745
625 745
626 745
627 745
628 745
629 745
630 745
631 745
632 745
633 745
634 745
635 745
636 745
637 745
638 745
639 745
640 745
641 745
642 745
643 745
644 745
645 745
646 745
647 745
648 745
649 745
650 745
651 745
652 745
653 745
654 745
655 745
656 745
657 745
658 745
659 745
660 745
661 745
662 745
663 745
664 745
665 745
666 745
667 745
668 745
669 745
670 745
671 745
672 745
673 745
674 745
675 745
676 745
677 745
678 745
679 745
680 745
681 745
682 745
683 745
684 745
685 745
686 745
687 745
688 745
689 745
690 745
691 745
692 745
693 745
694 745
695 745
696 745
697 745
698 745
699 745
700 745
701 745
702 745
703 745
704 745
705 745
706 745
707 745
708 745
709 745
710 745
711 745
712 745
713 745
714 745
715 745
716 745
717 745
718 745
719 745
720 745
721 745
722 745
723 745
724 745
725 745
726 745
727 745
728 745
729 745
730 745
731 745
732 745
733 745
734 745
735 745
736 745
737 745
738 745
739 745
740 745
741 745
742 745
743 745
744 745
745 745
746 745
747 745
748 745
749 745
750 745
751 745
752 745
753 745
754 745
755 745
756 745
757 745
758 745
759 745
760 745
761 745
762 745
763 745
764 745
765 745
766 745
767 745
768 745
769 745
770 745
771 745
772 745
773 745
774 745
775 745
776 745
777 745
778 745
779 745
780 745
781 745
782 745
783 745
784 745
785 745
786 745
787 745
788 745
789 745
790 745
791 745
792 745
793 745
794 745
795 745
796 745
797 745
798 745
799 745
800 745
801 745
802 745
803 745
804 745
805 745
806 745
807 745
808 745
809 745
810 745
811 745
812 745
813 745
814 745
815 745
816 745
817 745
818 745
819 745
820 745
821 745
822 745
823 745
824 745
825 745
826 745
827 745
828 745
829 745
830 745
831 745
832 745
833 745
834 745
835 745
836 745
837 745
838 745
839 745
840 745
841 745
842 745
843 745
844 745
845 745
846 745
847 745
848 745
849 745
850 745
851 745
852 745
853 745
854 745
855 745
856 745
857 745
858 745
859 745
860 745
861 745
862 745
863 745
864 745
865 745
866 745
867 745
868 745
869 745
870 745
871 745
872 745
873 745
874 745
875 745
876 745
877 745
878 745
879 745
880 745
881 745
882 745
883 745
884 745
885 745
886 745
887 745
888 745
889 745
890 745
891 745
892 745
893 745
894 745
895 745
896 745
897 745
898 745
899 745
900 745
901 745
902 745
903 745
904 745
905 745
906 745
907 745
908 745
909 745
910 745
911 745
912 745
913 745
914 745
915 745
916 745
917 745
918 745
919 745
920 745
921 745
922 745
923 745
924 745
925 745
926 745
927 745
928 745
929 745
930 745
931 745
932 745
933 745
934 745
935 745
936 745
937 745
938 745
939 745
940 745
941 745
942 745
943 745
944 745
945 745
946 745
947 745
948 745
949 745
950 745
951 745
952 745
953 745
954 745
955 745
956 745
957 745
958 745
959 745
960 745
961 745
962 745
963 745
964 745
965 745
966 745
967 745
968 745
969 745
970 745
971 745
972 745
973 745
974 745
975 745
976 745
977 745
978 745
979 745
980 745
981 745
982 745
983 745
984 745
985 745
986 745
987 745
988 745
989 745
990 745
991 745
992 745
993 745
994 745
995 745
996 745
997 745
998 745
999 745
1000 745
1001 745
1002 745
1003 745
1004 745
1005 745
1006 745
1007 745
1008 745
1009 745
1010 745
1011 745
1012 745
1013 745
1014 745
1015 745
1016 745
1017 745
1018 745
1019 745
1020 745
1021 745
1022 745
1023 745
1024 745
1025 745
1026 745
1027 745
1028 745
1029 745
1030 745
1031 745
1032 745
1033 745
1034 745
1035 745
1036 745
1037 745
1038 745
1039 745
1040 745
1041 745
1042 745
1043 745
1044 745
1045 745
1046 745
1047 745
1048 745
1049 745
1050 745
1051 745
1052 745
1053 745
1054 745
1055 745
1056 745
1057 745
1058 745
1059 745
1060 745
1061 745
1062 745
1063 745
1064 745
1065 745
1066 745
1067 745
1068 745
1069 745
1070 745
1071 745
1072 745
1073 745
1074 745
1075 745
1076 745
1077 745
1078 745
1079 745
1080 745
1081 745
1082 745
1083 745
1084 745
1085 745
1086 745
1087 745
1088 745
1089 745
1090 745
1091 745
1092 745
1093 745
1094 745
1095 745
1096 745
1097 745
1098 745
1099 745
1100 745
1101 745
1102 745
1103 745
1104 745
1105 745
1106 745
1107 745
1108 745
1109 745
1110 745
1111 745
1112 745
1113 745
1114 745
1115 745
1116 745
1117 745
1118 745
1119 745
1120 745
1121 745
1122 745
1123 745
1124 745
1125 745
1126 745
1127 745
1128 745
1129 745
1130 745
1131 745
1132 745
1133 745
1134 745
1135 745
1136 745
1137 745
1138 745
1139 745
1140 745
1141 745
1142 745
1143 745
1144 745
1145 745
1146 745
1147 745
1148 745
1149 745
1150 745
1151 745
1152 745
1153 745
1154 745
1155 745
1156 745
1157 745
1158 745
1159 745
1160 745
1161 745
1162 745
1163 745
1164 745
1165 745
1166 745
1167 745
1168 745
1169 745
1170 745
1171 745
1172 745
1173 745
1174 745
1175 745
1176 745
1177 745
1178 745
1179 745
1180 745
1181 745
1182 745
1183 745
1184 745
1185 745
1186 745
1187 745
1188 745
1189 745
1190 745
1191 745
1192 745
1193 745
1194 745
1195 745
1196 745
1197 745
1198 745
1199 745
1200 745
1201 745
1202 745
1203 745
1204 745
1205 745
1206 745
1207 745
1208 745
1209 745
1210 745
1211 745
1212 745
1213 745
1214 745
1215 745
1216 745
1217 745
1218 745
1219 745
1220 745
1221 745
1222 745
1223 745
1224 745
1225 745
1226 745
1227 745
1228 745
1229 745
1230 745
1231 745
1232 745
1233 745
1234 745
1235 745
1236 745
1237 745
1238 745
1239 745
1240 745
1241 745
1242 745
1243 745
1244 745
1245 745
1246 745
1247 745
1248 745
1249 745
1250 745
1251 745
1252 745
1253 745
1254 745
1255 745
1256 745
1257 745
1258 745
1259 745
1260 745
1261 745
1262 745
1263 745
1264 745
1265 745
1266 745
1267 745
1268 745
1269 745
1270 745
1271 745
1272 745
1273 745
1274 745
1275 745
1276 745
1277 745
1278 745
1279 745
1280 745
1281 745
1282 745
1283 745
1284 745
1285 745
1286 745
1287 745
1288 745
1289 745
1290 745
1291 745
1292 745
1293 745
1294 745
1295 745
1296 745
1297 745
1298 745
1299 745
1300 745
1301 745
1302 745
1303 745
1304 745
1305 745
1306 745
1307 745
1308 745
1309 745
1310 745
1311 745
1312 745
1313 745
1314 745
1315 745
1316 745
1317 745
1318 745
1319 745
1320 745
1321 745
1322 745
1323 745
1324 745
1325 745
1326 745
1327 745
1328 745
1329 745
1330 745
1331 745
1332 745
1333 745
1334 745
1335 745
1336 745
1337 745
1338 745
1339 745
1340 745
1341 745
1342 745
1343 745
1344 745
1345 745
1346 745
1347 745
1348 745
1349 745
1350 745
1351 745
1352 745
1353 745
1354 745
1355 745
1356 745
1357 745
1358 745
1359 745
1360 745
1361 745
1362 745
1363 745
1364 745
1365 745
1366 745
1367 745
1368 745
1369 745
1370 745
1371 745
1372 745
1373 745
1374 745
1375 745
1376 745
1377 745
1378 745
1379 745
1380 745
1381 745
1382 745
1383 745
1384 745
1385 745
1386 745
1387 745
1388 745
1389 745
1390 745
1391 745
1392 745
1393 745
1394 745
1395 745
1396 745
1397 745
1398 745
1399 745
1400 745
1401 745
1402 745
1403 745
1404 745
1405 745
1406 745
1407 745
1408 745
1409 745
1410 745
1411 745
1412 745
1413 745
1414 745
1415 745
1416 745
1417 745
1418 745
1419 745
1420 745
1421 745
1422 745
1423 745
1424 745
1425 745
1426 745
1427 745
1428 745
1429 745
1430 745
1431 745
1432 745
1433 745
1434 745
1435 745
1436 745
1437 745
1438 745
1439 745
1440 745
1441 745
1442 745
1443 745
1444 745
1445 745
1446 745
1447 745
1448 745
1449 745
1450 745
1451 745
1452 745
1453 745
1454 745
1455 745
1456 745
1457 745
1458 745
1459 745
1460 745
1461 745
1462 745
1463 745
1464 745
1465 745
1466 745
1467 745
1468 745
1469 745
1470 745
1471 745
1472 745
1473 745
1474 745
1475 745
1476 745
1477 745
1478 745
1479 745
1480 745
1481 745
1482 745
1483 745
1484 745
1485 745
1486 745
1487 745
1488 745
1489 745
1490 745
1491 745
1492 745
1493 745
1494 745
1495 745
1496 745
1497 745
1498 745
1499 745
1500 745
1501 745
1502 745
1503 745
1504 745
1505 745
1506 745
1507 745
1508 745
1509 745
1510 745
1511 745
1512 745
1513 745
1514 745
1515 745
1516 745
1517 745
1518 745
1519 745
1520 745
1521 745
1522 745
1523 745
1524 745
1525 745
1526 745
1527 745
1528 745
1529 745
1530 745
1531 745
1532 745
1533 745
1534 745
1535 745
1536 745
1537 745
1538 745
1539 745
1540 745
1541 745
1542 745
1543 745
1544 745
1545 745
1546 745
1547 745
1548 745
1549 745
1550 745
1551 745
1552 745
1553 745
1554 745
1555 745
1556 745
1557 745
1558 745
1559 745
1560 745
1561 745
1562 745
1563 745
1564 745
1565 745
1566 745
1567 745
1568 745
1569 745
1570 745
1571 745
1572 745
1573 745
1574 745
1575 745
1576 745
1577 745
1578 745
1579 745
1580 745
1581 745
1582 745
1583 745
1584 745
1585 745
1586 745
1587 745
1588 745
1589 745
1590 745
1591 745
1592 745
1593 745
1594 745
1595 745
1596 745
1597 745
1598 745
1599 745
1600 745
1601 745
1602 745
1603 745
1604 745
1605 745
1606 745
1607 745
1608 745
1609 745
1610 745
1611 745
1612 745
1613 745
1614 745
1615 745
1616 745
1617 745
1618 745
1619 745
1620 745
1621 745
1622 745
1623 745
1624 745
1625 745
1626 745
1627 745
1628 745
1629 745
1630 745
1631 745
1632 745
1633 745
1634 745
1635 745
1636 745
1637 745
1638 745
1639 745
1640 745
1641 745
1642 745
1643 745
1644 745
1645 745
1646 745
1647 745
1648 745
1649 745
1650 745
1651 745
1652 745
1653 745
1654 745
1655 745
1656 745
1657 745
1658 745
1659 745
1660 745
1661 745
1662 745
1663 745
1664 745
1665 745
1666 745
1667 745
1668 745
1669 745
1670 745
1671 745
1672 745
1673 745
1674 745
1675 745
1676 745
1677 745
1678 745
1679 745
1680 745
1681 745
1682 745
1683 745
1684 745
1685 745
1686 745
1687 745
1688 745
1689 745
1690 745
1691 745
1692 745
1693 745
1694 745
1695 745
1696 745
1697 745
1698 745
1699 745
1700 745
1701 745
1702 745
1703 745
1704 745
1705 745
1706 745
1707 745
1708 745
1709 745
1710 745
1711 745
1712 745
1713 745
1714 745
1715 745
1716 745
1717 745
1718 745
1719 745
1720 745
1721 745
1722 745
1723 745
1724 745
1725 745
1726 745
1727 745
1728 745
1729 745
1730 745
1731 745
1732 745
1733 745
1734 745
1735 745
1736 745
1737 745
1738 745
1739 745
1740 745
1741 745
1742 745
1743 745
1744 745
1745 745
1746 745
1747 745
1748 745
1749 745
1750 745
1751 745
1752 745
1753 745
1754 745
1755 745
1756 745
1757 745
1758 745
1759 745
1760 745
1761 745
1762 745
1763 745
1764 745
1765 745
1766 745
1767 745
1768 745
1769 745
1770 745
1771 745
1772 745
1773 745
1774 745
1775 745
1776 745
1777 745
1778 745
1779 745
1780 745
1781 745
1782 745
1783 745
1784 745
1785 745
1786 745
1787 745
1788 745
1789 745
1790 745
1791 745
1792 745
1793 745
1794 745
1795 745
1796 745
1797 745
1798 745
1799 745
1800 745
1801 745
1802 745
1803 745
1804 745
1805 745
1806 745
1807 745
1808 745
1809 745
1810 745
1811 745
1812 745
1813 745
1814 745
1815 745
1816 745
1817 745
1818 745
1819 745
1820 745
1821 745
1822 745
1823 745
1824 745
1825 745
1826 745
1827 745
1828 745
1829 745
1830 745
1831 745
1832 745
1833 745
1834 745
1835 745
1836 745
1837 745
1838 745
1839 745
1840 745
1841 745
1842 745
1843 745
1844 745
1845 745
1846 745
1847 745
1848 745
1849 745
1850 745
1851 745
1852 745
1853 745
1854 745
1855 745
1856 745
1857 745
1858 745
1859 745
1860 745
1861 745
1862 745
1863 745
1864 745
1865 745
1866 745
1867 745
1868 745
1869 745
1870 745
1871 745
1872 745
1873 745
1874 745
1875 745
1876 745
1877 745
1878 745
1879 745
1880 745
1881 745
1882 745
1883 745
1884 745
1885 745
1886 745
1887 745
1888 745
1889 745
1890 745
1891 745
1892 745
1893 745
1894 745
1895 745
1896 745
1897 745
1898 745
1899 745
1900 745
1901 745
1902 745
1903 745
1904 745
1905 745
1906 745
1907 745
1908 745
1909 745
1910 745
1911 745
1912 745
1913 745
1914 745
1915 745
1916 745
1917 745
1918 745
1919 745
1920 745
1921 745
1922 745
1923 745
1924 745
1925 745
1926 745
1927 745
1928 745
1929 745
1930 745
1931 745
1932 745
1933 745
1934 745
1935 745
1936 745
1937 745
1938 745
1939 745
1940 745
1941 745
1942 745
1943 745
1944 745
1945 745
1946 745
1947 745
1948 745
1949 745
1950 745
1951 745
1952 745
1953 745
1954 745
1955 745
1956 745
1957 745
1958 745
1959 745
1960 745
1961 745
1962 745
1963 745
1964 745
1965 745
1966 745
1967 745
1968 745
1969 745
1970 745
1971 745
1972 745
1973 745
1974 745
1975 745
1976 745
1977 745
1978 745
1979 745
1980 745
1981 745
1982 745
1983 745
1984 745
1985 745
1986 745
1987 745
1988 745
1989 745
1990 745
1991 745
1992 745
1993 745
1994 745
1995 745
1996 745
1997 745
1998 745
1999 745
2000 745
2001 745
2002 745
2003 745
2004 745
2005 745
2006 745
2007 745
2008 745
2009 745
2010 745
2011 745
2012 745
2013 745
2014 745
2015 745
2016 745
2017 745
2018 745
2019 745
2020 745
2021 745
2022 745
2023 745
2024 745
2025 745
2026 745
2027 745
2028 745
2029 745
2030 745
2031 745
2032 745
2033 745
2034 745
2035 745
2036 745
2037 745
2038 745
2039 745
2040 745
2041 745
2042 745
2043 745
2044 745
2045 745
2046 745
2047 745
2048 745
2049 745
2050 745
2051 745
2052 745
2053 745
2054 745
2055 745
2056 745
2057 745
2058 745
2059 745
2060 745
2061 745
2062 745
2063 745
2064 745
2065 745
2066 745
2067 745
2068 745
2069 745
2070 745
2071 745
2072 745
2073 745
2074 745
2075 745
2076 745
2077 745
2078 745
2079 745
2080 745
2081 745
2082 745
2083 745
2084 745
2085 745
2086 745
2087 745
2088 745
2089 745
2090 745
2091 745
2092 745
2093 745
2094 745
2095 745
2096 745
2097 745
2098 745
2099 745
2100 745
2101 745
2102 745
2103 745
2104 745
2105 745
2106 745
2107 745
2108 745
2109 745
2110 745
2111 745
2112 745
2113 745
2114 745
2115 745
2116 745
2117 745
2118 745
2119 745
2120 745
2121 745
2122 745
2123 745
2124 745
2125 745
2126 745
2127 745
2128 745
2129 745
2130 745
2131 745
2132 745
2133 745
2134 745
2135 745
2136 745
2137 745
2138 745
2139 745
2140 745
2141 745
2142 745
2143 745
2144 745
2145 745
2146 745
2147 745
2148 745
2149 745
2150 745
2151 745
2152 745
2153 745
2154 745
2155 745
2156 745
2157 745
2158 745
2159 745
2160 745
2161 745
2162 745
2163 745
2164 745
2165 745
2166 745
2167 745
2168 745
2169 745
2170 745
2171 745
2172 745
2173 745
2174 745
2175 745
2176 745
2177 745
2178 745
2179 745
2180 745
2181 745
2182 745
2183 745
2184 745
2185 745
2186 745
2187 745
2188 745
2189 745
2190 745
2191 745
2192 745
2193 745
2194 745
2195 745
2196 745
2197 745
2198 745
2199 745
2200 745
2201 745
2202 745
2203 745
2204 745
2205 745
2206 745
2207 745
2208 745
2209 745
2210 745
2211 745
2212 745
2213 745
2214 745
2215 745
2216 745
2217 745
2218 745
2219 745
2220 745
2221 745
2222 745
2223 745
2224 745
2225 745
2226 745
2227 745
2228 745
2229 745
2230 745
2231 745
2232 745
2233 745
2234 745
2235 745
2236 745
2237 745
2238 745
2239 745
2240 745
2241 745
2242 745
2243 745
2244 745
2245 745
2246 745
2247 745
2248 745
2249 745
2250 745
2251 745
2252 745
2253 745
2254 745
2255 745
2256 745
2257 745
2258 745
2259 745
2260 745
2261 745
2262 745
2263 745
2264 745
2265 745
2266 745
2267 745
2268 745
2269 745
2270 745
2271 745
2272 745
2273 745
2274 745
2275 745
2276 745
2277 745
2278 745
2279 745
2280 745
2281 745
2282 745
2283 745
2284 745
2285 745
2286 745
2287 745
2288 745
2289 745
2290 745
2291 745
2292 745
2293 745
2294 745
2295 745
2296 745
2297 745
2298 745
2299 745
2300 745
2301 745
2302 745
2303 745
2304 745
2305 745
2306 745
2307 745
2308 745
2309 745
2310 745
2311 745
2312 745
2313 745
2314 745
2315 745
2316 745
2317 745
2318 745
2319 745
2320 745
2321 745
2322 745
2323 745
2324 745
2325 745
2326 745
2327 745
2328 745
2329 745
2330 745
2331 745
2332 745
2333 745
2334 745
2335 745
2336 745
2337 745
2338 745
2339 745
2340 745
2341 745
2342 745
2343 745
2344 745
2345 745
2346 745
2347 745
2348 745
2349 745
2350 745
2351 745
2352 745
2353 745
2354 745
2355 745
2356 745
2357 745
2358 745
2359 745
2360 745
2361 745
2362 745
2363 745
2364 745
2365 745
2366 745
2367 745
2368 745
2369 745
2370 745
2371 745
2372 745
2373 745
2374 745
2375 745
2376 745
2377 745
2378 745
2379 745
2380 745
2381 745
2382 745
2383 745
2384 745
2385 745
2386 745
2387 745
2388 745
2389 745
2390 745
2391 745
2392 745
2393 745
2394 745
2395 745
2396 745
2397 745
2398 745
2399 745
2400 745
2401 745
2402 745
2403 745
2404 745
2405 745
2406 745
2407 745
2408 745
2409 745
2410 745
2411 745
2412 745
2413 745
2414 745
2415 745
2416 745
2417 745
2418 745
2419 745
2420 745
2421 745
2422 745
2423 745
2424 745
2425 745
2426 745
2427 745
2428 745
2429 745
2430 745
2431 745
2432 745
2433 745
2434 745
2435 745
2436 745
2437 745
2438 745
2439 745
2440 745
2441 745
2442 745
2443 745
2444 745
2445 745
2446 745
2447 745
2448 745
2449 745
2450 745
2451 745
2452 745
2453 745
2454 745
2455 745
2456 745
2457 745
2458 745
2459 745
2460 745
2461 745
2462 745
2463 745
2464 745
2465 745
2466 745
2467 745
2468 745
2469 745
2470 745
2471 745
2472 745
2473 745
2474 745
2475 745
2476 745
2477 745
2478 745
2479 745
2480 745
2481 745
2482 745
2483 745
2484 745
2485 745
2486 745
2487 745
2488 745
2489 745
2490 745
2491 745
2492 745
2493 745
2494 745
2495 745
2496 745
2497 745
2498 745
2499 745
2500 745
2501 745
2502 745
2503 745
2504 745
2505 745
2506 745
2507 745
2508 745
2509 745
2510 745
2511 745
2512 745
2513 745
2514 745
2515 745
2516 745
2517 745
2518 745
2519 745
2520 745
2521 745
2522 745
2523 745
2524 745
2525 745
2526 745
2527 745
2528 745
2529 745
2530 745
2531 745
2532 745
2533 745
2534 745
2535 745
2536 745
2537 745
2538 745
2539 745
2540 745
2541 745
2542 745
2543 745
2544 745
2545 745
2546 745
2547 745
2548 745
2549 745
2550 745
2551 745
2552 745
2553 745
2554 745
2555 745
2556 745
2557 745
2558 745
2559 745
2560 745
2561 745
2562 745
2563 745
2564 745
2565 745
2566 745
2567 745
2568 745
2569 745
2570 745
2571 745
2572 745
2573 745
2574 745
2575 745
2576 745
2577 745
2578 745
2579 745
2580 745
2581 745
2582 745
2583 745
2584 745
2585 745
2586 745
2587 745
2588 745
2589 745
2590 745
2591 745
2592 745
2593 745
2594 745
2595 745
2596 745
2597 745
2598 745
2599 745
2600 745
2601 745
2602 745
2603 745
2604 745
2605 745
2606 745
2607 745
2608 745
2609 745
2610 745
2611 745
2612 745
2613 745
2614 745
2615 745
2616 745
2617 745
2618 745
2619 745
2620 745
2621 745
2622 745
2623 745
2624 745
2625 745
2626 745
2627 745
2628 745
2629 745
2630 745
2631 745
2632 745
2633 745
2634 745
2635 745
2636 745
2637 745
2638 745
2639 745
2640 745
2641 745
2642 745
2643 745
2644 745
2645 745
2646 745
2647 745
2648 745
2649 745
2650 745
2651 745
2652 745
2653 745
2654 745
2655 745
2656 745
2657 745
2658 745
2659 745
2660 745
2661 745
2662 745
2663 745
2664 745
2665 745
2666 745
2667 745
2668 745
2669 745
2670 745
2671 745
2672 745
2673 745
2674 745
2675 745
2676 745
2677 745
2678 745
2679 745
2680 745
2681 745
2682 745
2683 745
2684 745
2685 745
2686 745
2687 745
2688 745
2689 745
2690 745
2691 745
2692 745
2693 745
2694 745
2695 745
2696 745
2697 745
2698 745
2699 745
2700 745
2701 745
2702 745
2703 745
2704 745
2705 745
2706 745
2707 745
2708 745
2709 745
2710 745
2711 745
2712 745
2713 745
2714 745
2715 745
2716 745
2717 745
2718 745
2719 745
2720 745
2721 745
2722 745
2723 745
2724 745
2725 745
2726 745
2727 745
2728 745
2729 745
2730 745
2731 745
2732 745
2733 745
2734 745
2735 745
2736 745
2737 745
2738 745
2739 745
2740 745
2741 745
2742 745
2743 745
2744 745
2745 745
2746 745
2747 745
2748 745
2749 745
2750 745
2751 745
2752 745
2753 745
2754 745
2755 745
2756 745
2757 745
2758 745
2759 745
2760 745
2761 745
2762 745
2763 745
2764 745
2765 745
2766 745
2767 745
2768 745
2769 745
2770 745
2771 745
2772 745
2773 745
2774 745
2775 745
2776 745
2777 745
2778 745
2779 745
2780 745
2781 745
2782 745
2783 745
2784 745
2785 745
2786 745
2787 745
2788 745
2789 745
2790 745
2791 745
2792 745
2793 745
2794 745
2795 745
2796 745
2797 745
2798 745
2799 745
2800 745
2801 745
2802 745
2803 745
2804 745
2805 745
2806 745
2807 745
2808 745
2809 745
2810 745
2811 745
2812 745
2813 745
2814 745
2815 745
2816 745
2817 745
2818 745
2819 745
2820 745
2821 745
2822 745
2823 745
2824 745
2825 745
2826 745
2827 745
2828 745
2829 745
2830 745
2831 745
2832 745
2833 745
2834 745
2835 745
2836 745
2837 745
2838 745
2839 745
2840 745
2841 745
2842 745
2843 745
2844 745
2845 745
2846 745
2847 745
2848 745
2849 745
2850 745
2851 745
2852 745
2853 745
2854 745
2855 745
2856 745
2857 745
2858 745
2859 745
2860 745
2861 745
2862 745
2863 745
2864 745
2865 745
2866 745
2867 745
2868 745
2869 745
2870 745
2871 745
2872 745
2873 745
2874 745
2875 745
2876 745
2877 745
2878 745
2879 745
2880 745
2881 745
2882 745
2883 745
2884 745
2885 745
2886 745
2887 745
2888 745
2889 745
2890 745
2891 745
2892 745
2893 745
2894 745
2895 745
2896 745
2897 745
2898 745
2899 745
2900 745
2901 745
2902 745
2903 745
2904 745
2905 745
2906 745
2907 745
2908 745
2909 745
2910 745
2911 745
2912 745
2913 745
2914 745
2915 745
2916 745
2917 745
2918 745
2919 745
2920 745
2921 745
2922 745
2923 745
2924 745
2925 745
2926 745
2927 745
2928 745
2929 745
2930 745
2931 745
2932 745
2933 745
2934 745
2935 745
2936 745
2937 745
2938 745
2939 745
2940 745
2941 745
2942 745
2943 745
2944 745
2945 745
2946 745
2947 745
2948 745
2949 745
2950 745
2951 745
2952 745
2953 745
2954 745
2955 745
2956 745
2957 745
2958 745
2959 745
2960 745
2961 745
2962 745
2963 745
2964 745
2965 745
2966 745
2967 745
2968 745
2969 745
2970 745
2971 745
2972 745
2973 745
2974 745
2975 745
2976 745
2977 745
2978 745
2979 745
2980 745
2981 745
2982 745
2983 745
2984 745
2985 745
2986 745
2987 745
2988 745
2989 745
2990 745
2991 745
2992 745
2993 745
2994 745
2995 745
2996 745
2997 745
2998 745
2999 745
3000 745
3001 745
3002 745
3003 745
3004 745
3005 745
3006 745
3007 745
3008 745
3009 745
3010 745
3011 745
3012 745
3013 745
3014 745
3015 745
3016 745
3017 745
3018 745
3019 745
3020 745
3021 745
3022 745
3023 745
3024 745
3025 745
3026 745
3027 745
3028 745
3029 745
3030 745
3031 745
3032 745
3033 745
3034 745
3035 745
3036 745
3037 745
3038 745
3039 745
3040 745
3041 745
3042 745
3043 745
3044 745
3045 745
3046 745
3047 745
3048 745
3049 745
3050 745
3051 745
3052 745
3053 745
3054 745
3055 745
3056 745
3057 745
3058 745
3059 745
3060 745
3061 745
3062 745
3063 745
3064 745
3065 745
3066 745
3067 745
3068 745
3069 745
3070 745
3071 745
3072 745
3073 745
3074 745
3075 745
3076 745
3077 745
3078 745
3079 745
3080 745
3081 745
3082 745
3083 745
3084 745
3085 745
3086 745
3087 745
3088 745
3089 745
3090 745
3091 745
3092 745
3093 745
3094 745
3095 745
3096 745
3097 745
3098 745
3099 745
3100 745
3101 745
3102 745
3103 745
3104 745
3105 745
3106 745
3107 745
3108 745
3109 745
3110 745
3111 745
3112 745
3113 745
3114 745
3115 745
3116 745
3117 745
3118 745
3119 745
3120 745
3121 745
3122 745
3123 745
3124 745
3125 745
3126 745
3127 745
3128 745
3129 745
3130 745
3131 745
3132 745
3133 745
3134 745
3135 745
3136 745
3137 745
3138 745
3139 745
3140 745
3141 745
3142 745
3143 745
3144 745
3145 745
3146 745
3147 745
3148 745
3149 745
3150 745
3151 745
3152 745
3153 745
3154 745
3155 745
3156 745
3157 745
3158 745
3159 745
3160 745
3161 745
3162 745
3163 745
3164 745
3165 745
3166 745
3167 745
3168 745
3169 745
3170 745
3171 745
3172 745
3173 745
3174 745
3175 745
3176 745
3177 745
3178 745
3179 745
3180 745
3181 745
3182 745
3183 745
3184 745
3185 745
3186 745
3187 745
3188 745
3189 745
3190 745
3191 745
3192 745
3193 745
3194 745
3195 745
3196 745
3197 745
3198 745
3199 745
3200 745
3201 745
3202 745
3203 745
3204 745
3205 745
3206 745
3207 745
3208 745
3209 745
3210 745
3211 745
3212 745
3213 745
3214 745
3215 745
3216 745
3217 745
3218 745
3219 745
3220 745
3221 745
3222 745
3223 745
3224 745
3225 745
3226 745
3227 745
3228 745
3229 745
3230 745
3231 745
3232 745
3233 745
3234 745
3235 745
3236 745
3237 745
3238 745
3239 745
3240 745
3241 745
3242 745
3243 745
3244 745
3245 745
3246 745
3247 745
3248 745
3249 745
3250 745
3251 745
3252 745
3253 745
3254 745
3255 745
3256 745
3257 745
3258 745
3259 745
3260 745
3261 745
3262 745
3263 745
3264 745
3265 745
3266 745
3267 745
3268 745
3269 745
3270 745
3271 745
3272 745
3273 745
3274 745
3275 745
3276 745
3277 745
3278 745
3279 745
3280 745
3281 745
3282 745
3283 745
3284 745
3285 745
3286 745
3287 745
3288 745
3289 745
3290 745
3291 745
3292 745
3293 745
3294 745
3295 745
3296 745
3297 745
3298 745
3299 745
3300 745
3301 745
3302 745
3303 745
3304 745
3305 745
3306 745
3307 745
3308 745
3309 745
3310 745
3311 745
3312 745
3313 745
3314 745
3315 745
3316 745
3317 745
3318 745
3319 745
3320 745
3321 745
3322 745
3323 745
3324 745
3325 745
3326 745
3327 745
3328 745
3329 745
3330 745
3331 745
3332 745
3333 745
3334 745
3335 745
3336 745
3337 745
3338 745
3339 745
3340 745
3341 745
3342 745
3343 745
3344 745
3345 745
3346 745
3347 745
3348 745
3349 745
3350 745
3351 745
3352 745
3353 745
3354 745
3355 745
3356 745
3357 745
3358 745
3359 745
3360 745
3361 745
3362 745
3363 745
3364 745
3365 745
3366 745
3367 745
3368 745
3369 745
3370 745
3371 745
3372 745
3373 745
3374 745
3375 745
3376 745
3377 745
3378 745
3379 745
3380 745
3381 745
3382 745
3383 745
3384 745
3385 745
3386 745
3387 745
3388 745
3389 745
3390 745
3391 745
3392 745
3393 745
3394 745
3395 745
3396 745
3397 745
3398 745
3399 745
3400 745
3401 745
3402 745
3403 745
3404 745
3405 745
3406 745
3407 745
3408 745
3409 745
3410 745
3411 745
3412 745
3413 745
3414 745
3415 745
3416 745
3417 745
3418 745
3419 745
3420 745
3421 745
3422 745
3423 745
3424 745
3425 745
3426 745
3427 745
3428 745
3429 745
3430 745
3431 745
3432 745
3433 745
3434 745
3435 745
3436 745
3437 745
3438 745
3439 745
3440 745
3441 745
3442 745
3443 745
3444 745
3445 745
3446 745
3447 745
3448 745
3449 745
3450 745
3451 745
3452 745
3453 745
3454 745
3455 745
3456 745
3457 745
3458 745
3459 745
3460 745
3461 745
3462 745
3463 745
3464 745
3465 745
3466 745
3467 745
3468 745
3469 745
3470 745
3471 745
3472 745
3473 745
3474 745
3475 745
3476 745
3477 745
3478 745
3479 745
3480 745
3481 745
3482 745
3483 745
3484 745
3485 745
3486 745
3487 745
3488 745
3489 745
3490 745
3491 745
3492 745
3493 745
3494 745
3495 745
3496 745
3497 745
3498 745
3499 745
3500 745
3501 745
3502 745
3503 745
3504 745
3505 745
3506 745
3507 745
3508 745
3509 745
3510 745
3511 745
3512 745
3513 745
3514 745
3515 745
3516 745
3517 745
3518 745
3519 745
3520 745
3521 745
3522 745
3523 745
3524 745
3525 745
3526 745
3527 745
3528 745
3529 745
3530 745
3531 745
3532 745
3533 745
3534 745
3535 745
3536 745
3537 745
3538 745
3539 745
3540 745
3541 745
3542 745
3543 745
3544 745
3545 745
3546 745
3547 745
3548 745
3549 745
3550 745
3551 745
3552 745
3553 745
3554 745
3555 745
3556 745
3557 745
3558 745
3559 745
3560 745
3561 745
3562 745
3563 745
3564 745
3565 745
3566 745
3567 745
3568 745
3569 745
3570 745
3571 745
3572 745
3573 745
3574 745
3575 745
3576 745
3577 745
3578 745
3579 745
3580 745
3581 745
3582 745
3583 745
3584 703
3585 703
3586 703
3587 703
3588 703
3589 703
3590 703
3591 703
3592 703
3593 703
3594 703
3595 703
3596 703
3597 703
3598 703
3599 703
3600 703
3601 703
3602 703
3603 703
3604 703
3605 703
3606 703
3607 703
3608 703
3609 703
3610 703
3611 703
3612 703
3613 703
3614 703
3615 703
3616 703
3617 703
3618 703
3619 703
3620 703
3621 703
3622 703
3623 703
3624 703
3625 703
3626 703
3627 703
3628 703
3629 703
3630 703
3631 703
3632 703
3633 703
3634 703
3635 703
3636 703
3637 703
3638 703
3639 703
3640 703
3641 703
3642 703
3643 703
3644 703
3645 703
3646 703
3647 703
3648 703
3649 703
3650 703
3651 703
3652 703
3653 703
3654 703
3655 703
3656 703
3657 703
3658 703
3659 703
3660 703
3661 703
3662 703
3663 703
3664 703
3665 703
3666 703
3667 703
3668 703
3669 703
3670 703
3671 703
3672 703
3673 703
3674 703
3675 703
3676 703
3677 703
3678 703
3679 703
3680 703
3681 703
3682 703
3683 703
3684 703
3685 703
3686 703
3687 703
3688 703
3689 703
3690 703
3691 703
3692 703
3693 703
3694 703
3695 703
3696 703
3697 703
3698 703
3699 703
3700 703
3701 703
3702 703
3703 703
3704 703
3705 703
3706 703
3707 703
3708 703
3709 703
3710 703
3711 703
3712 745
3713 745
3714 745
3715 745
3716 745
3717 745
3718 745
3719 745
3720 745
3721 745
3722 745
3723 745
3724 745
3725 745
3726 745
3727 745
3728 745
3729 745
3730 745
3731 745
3732 745
3733 745
3734 745
3735 745
3736 745
3737 745
3738 745
3739 745
3740 745
3741 745
3742 745
3743 745
3744 745
3745 745
3746 745
3747 745
3748 745
3749 745
3750 745
3751 745
3752 745
3753 745
3754 745
3755 745
3756 745
3757 745
3758 745
3759 745
3760 745
3761 745
3762 745
3763 745
3764 745
3765 745
3766 745
3767 745
3768 745
3769 745
3770 745
3771 745
3772 745
3773 745
3774 745
3775 745
3776 745
3777 745
3778 745
3779 745
3780 745
3781 745
3782 745
3783 745
3784 745
3785 745
3786 745
3787 745
3788 745
3789 745
3790 745
3791 745
3792 745
3793 745
3794 745
3795 745
3796 745
3797 745
3798 745
3799 745
3800 745
3801 745
3802 745
3803 745
3804 745
3805 745
3806 745
3807 745
3808 745
3809 745
3810 745
3811 745
3812 745
3813 745
3814 745
3815 745
3816 745
3817 745
3818 745
3819 745
3820 745
3821 745
3822 745
3823 745
3824 745
3825 745
3826 745
3827 745
3828 745
3829 745
3830 745
3831 745
3832 745
3833 745
3834 745
3835 745
3836 745
3837 745
3838 745
3839 745
3840 745
3841 745
3842 745
3843 745
3844 745
3845 745
3846 745
3847 745
3848 745
3849 745
3850 745
3851 745
3852 745
3853 745
3854 745
3855 745
3856 745
3857 745
3858 745
3859 745
3860 745
3861 745
3862 745
3863 745
3864 745
3865 745
3866 745
3867 745
3868 745
3869 745
3870 745
3871 745
3872 745
3873 745
3874 745
3875 745
3876 745
3877 745
3878 745
3879 745
3880 745
3881 745
3882 745
3883 745
3884 745
3885 745
3886 745
3887 745
3888 745
3889 745
3890 745
3891 745
3892 745
3893 745
3894 745
3895 745
3896 745
3897 745
3898 745
3899 745
3900 745
3901 745
3902 745
3903 745
3904 745
3905 745
3906 745
3907 745
3908 745
3909 745
3910 745
3911 745
3912 745
3913 745
3914 745
3915 745
3916 745
3917 745
3918 745
3919 745
3920 745
3921 745
3922 745
3923 745
3924 745
3925 745
3926 745
3927 745
3928 745
3929 745
3930 745
3931 745
3932 745
3933 745
3934 745
3935 745
3936 745
3937 745
3938 745
3939 745
3940 745
3941 745
3942 745
3943 745
3944 745
3945 745
3946 745
3947 745
3948 745
3949 745
3950 745
3951 745
3952 745
3953 745
3954 745
3955 745
3956 745
3957 745
3958 745
3959 745
3960 745
3961 745
3962 745
3963 745
3964 745
3965 745
3966 745
3967 745
3968 745
3969 745
3970 745
3971 745
3972 745
3973 745
3974 745
3975 745
3976 745
3977 745
3978 745
3979 745
3980 745
3981 745
3982 745
3983 745
3984 745
3985 745
3986 745
3987 745
3988 745
3989 745
3990 745
3991 745
3992 745
3993 745
3994 745
3995 745
3996 745
3997 745
3998 745
3999 745
4000 745
4001 745
4002 745
4003 745
4004 745
4005 745
4006 745
4007 745
4008 745
4009 745
4010 745
4011 745
4012 745
4013 745
4014 745
4015 745
4016 745
4017 745
4018 745
4019 745
4020 745
4021 745
4022 745
4023 745
4024 745
4025 745
4026 745
4027 745
4028 745
4029 745
4030 745
4031 745
4032 745
4033 745
4034 745
4035 745
4036 745
4037 745
4038 745
4039 745
4040 745
4041 745
4042 745
4043 745
4044 745
4045 745
4046 745
4047 745
4048 745
4049 745
4050 745
4051 745
4052 745
4053 745
4054 745
4055 745
4056 745
4057 745
4058 745
4059 745
4060 745
4061 745
4062 745
4063 745
4064 745
4065 745
4066 745
4067 745
4068 745
4069 745
4070 745
4071 745
4072 745
4073 745
4074 745
4075 745
4076 745
4077 745
4078 745
4079 745
4080 745
4081 745
4082 745
4083 745
4084 745
4085 745
4086 745
4087 745
4088 745
4089 745
4090 745
4091 745
4092 745
4093 745
4094 745
4095 745
4096 745
4097 745
4098 745
4099 745
4100 745
4101 745
4102 745
4103 745
4104 745
4105 745
4106 745
4107 745
4108 745
4109 745
4110 745
4111 745
4112 745
4113 745
4114 745
4115 745
4116 745
4117 745
4118 745
4119 745
4120 745
4121 745
4122 745
4123 745
4124 745
4125 745
4126 745
4127 745
4128 745
4129 745
4130 745
4131 745
4132 745
4133 745
4134 745
4135 745
4136 745
4137 745
4138 745
4139 745
4140 745
4141 745
4142 745
4143 745
4144 745
4145 745
4146 745
4147 745
4148 745
4149 745
4150 745
4151 745
4152 745
4153 745
4154 745
4155 745
4156 745
4157 745
4158 745
4159 745
4160 745
4161 745
4162 745
4163 745
4164 745
4165 745
4166 745
4167 745
4168 745
4169 745
4170 745
4171 745
4172 745
4173 745
4174 745
4175 745
4176 745
4177 745
4178 745
4179 745
4180 745
4181 745
4182 745
4183 745
4184 745
4185 745
4186 745
4187 745
4188 745
4189 745
4190 745
4191 745
4192 745
4193 745
4194 745
4195 745
4196 745
4197 745
4198 745
4199 745
4200 745
4201 745
4202 745
4203 745
4204 745
4205 745
4206 745
4207 745
4208 745
4209 745
4210 745
4211 745
4212 745
4213 745
4214 745
4215 745
4216 745
4217 745
4218 745
4219 745
4220 745
4221 745
4222 745
4223 745
4224 745
4225 745
4226 745
4227 745
4228 745
4229 745
4230 745
4231 745
4232 745
4233 745
4234 745
4235 745
4236 745
4237 745
4238 745
4239 745
4240 745
4241 745
4242 745
4243 745
4244 745
4245 745
4246 745
4247 745
4248 745
4249 745
4250 745
4251 745
4252 745
4253 745
4254 745
4255 745
4256 745
4257 745
4258 745
4259 745
4260 745
4261 745
4262 745
4263 745
4264 745
4265 745
4266 745
4267 745
4268 745
4269 745
4270 745
4271 745
4272 745
4273 745
4274 745
4275 745
4276 745
4277 745
4278 745
4279 745
4280 745
4281 745
4282 745
4283 745
4284 745
4285 745
4286 745
4287 745
4288 745
4289 745
4290 745
4291 745
4292 745
4293 745
4294 745
4295 745
4296 745
4297 745
4298 745
4299 745
4300 745
4301 745
4302 745
4303 745
4304 745
4305 745
4306 745
4307 745
4308 745
4309 745
4310 745
4311 745
4312 745
4313 745
4314 745
4315 745
4316 745
4317 745
4318 745
4319 745
4320 745
4321 745
4322 745
4323 745
4324 745
4325 745
4326 745
4327 745
4328 745
4329 745
4330 745
4331 745
4332 745
4333 745
4334 745
4335 745
4336 745
4337 745
4338 745
4339 745
4340 745
4341 745
4342 745
4343 745
4344 745
4345 745
4346 745
4347 745
4348 745
4349 745
4350 745
4351 745
4352 745
4353 745
4354 745
4355 745
4356 745
4357 745
4358 745
4359 745
4360 745
4361 745
4362 745
4363 745
4364 745
4365 745
4366 745
4367 745
4368 745
4369 745
4370 745
4371 745
4372 745
4373 745
4374 745
4375 745
4376 745
4377 745
4378 745
4379 745
4380 745
4381 745
4382 745
4383 745
4384 745
4385 745
4386 745
4387 745
4388 745
4389 745
4390 745
4391 745
4392 745
4393 745
4394 745
4395 745
4396 745
4397 745
4398 745
4399 745
4400 745
4401 745
4402 745
4403 745
4404 745
4405 745
4406 745
4407 745
4408 745
4409 745
4410 745
4411 745
4412 745
4413 745
4414 745
4415 745
4416 745
4417 745
4418 745
4419 745
4420 745
4421 745
4422 745
4423 745
4424 745
4425 745
4426 745
4427 745
4428 745
4429 745
4430 745
4431 745
4432 745
4433 745
4434 745
4435 745
4436 745
4437 745
4438 745
4439 745
4440 745
4441 745
4442 745
4443 745
4444 745
4445 745
4446 745
4447 745
4448 745
4449 745
4450 745
4451 745
4452 745
4453 745
4454 745
4455 745
4456 745
4457 745
4458 745
4459 745
4460 745
4461 745
4462 745
4463 745
4464 745
4465 745
4466 745
4467 745
4468 745
4469 745
4470 745
4471 745
4472 745
4473 745
4474 745
4475 745
4476 745
4477 745
4478 745
4479 745
4480 745
4481 745
4482 745
4483 745
4484 745
4485 745
4486 745
4487 745
4488 745
4489 745
4490 745
4491 745
4492 745
4493 745
4494 745
4495 745
4496 745
4497 745
4498 745
4499 745
4500 745
4501 745
4502 745
4503 745
4504 745
4505 745
4506 745
4507 745
4508 745
4509 745
4510 745
4511 745
4512 745
4513 745
4514 745
4515 745
4516 745
4517 745
4518 745
4519 745
4520 745
4521 745
4522 745
4523 745
4524 745
4525 745
4526 745
4527 745
4528 745
4529 745
4530 745
4531 745
4532 745
4533 745
4534 745
4535 745
4536 745
4537 745
4538 745
4539 745
4540 745
4541 745
4542 745
4543 745
4544 745
4545 745
4546 745
4547 745
4548 745
4549 745
4550 745
4551 745
4552 745
4553 745
4554 745
4555 745
4556 745
4557 745
4558 745
4559 745
4560 745
4561 745
4562 745
4563 745
4564 745
4565 745
4566 745
4567 745
4568 745
4569 745
4570 745
4571 745
4572 745
4573 745
4574 745
4575 745
4576 745
4577 745
4578 745
4579 745
4580 745
4581 745
4582 745
4583 745
4584 745
4585 745
4586 745
4587 745
4588 745
4589 745
4590 745
4591 745
4592 745
4593 745
4594 745
4595 745
4596 745
4597 745
4598 745
4599 745
4600 745
4601 745
4602 745
4603 745
4604 745
4605 745
4606 745
4607 745
4608 745
4609 745
4610 745
4611 745
4612 745
4613 745
4614 745
4615 745
4616 745
4617 745
4618 745
4619 745
4620 745
4621 745
4622 745
4623 745
4624 745
4625 745
4626 745
4627 745
4628 745
4629 745
4630 745
4631 745
4632 745
4633 745
4634 745
4635 745
4636 745
4637 745
4638 745
4639 745
4640 745
4641 745
4642 745
4643 745
4644 745
4645 745
4646 745
4647 745
4648 745
4649 745
4650 745
4651 745
4652 745
4653 745
4654 745
4655 745
4656 745
4657 745
4658 745
4659 745
4660 745
4661 745
4662 745
4663 745
4664 745
4665 745
4666 745
4667 745
4668 745
4669 745
4670 745
4671 745
4672 745
4673 745
4674 745
4675 745
4676 745
4677 745
4678 745
4679 745
4680 745
4681 745
4682 745
4683 745
4684 745
4685 745
4686 745
4687 745
4688 745
4689 745
4690 745
4691 745
4692 745
4693 745
4694 745
4695 745
4696 745
4697 745
4698 745
4699 745
4700 745
4701 745
4702 745
4703 745
4704 745
4705 745
4706 745
4707 745
4708 745
4709 745
4710 745
4711 745
4712 745
4713 745
4714 745
4715 745
4716 745
4717 745
4718 745
4719 745
4720 745
4721 745
4722 745
4723 745
4724 745
4725 745
4726 745
4727 745
4728 745
4729 745
4730 745
4731 745
4732 745
4733 745
4734 745
4735 745
4736 745
4737 745
4738 745
4739 745
4740 745
4741 745
4742 745
4743 745
4744 745
4745 745
4746 745
4747 745
4748 745
4749 745
4750 745
4751 745
4752 745
4753 745
4754 745
4755 745
4756 745
4757 745
4758 745
4759 745
4760 745
4761 745
4762 745
4763 745
4764 745
4765 745
4766 745
4767 745
4768 745
4769 745
4770 745
4771 745
4772 745
4773 745
4774 745
4775 745
4776 745
4777 745
4778 745
4779 745
4780 745
4781 745
4782 745
4783 745
4784 745
4785 745
4786 745
4787 745
4788 745
4789 745
4790 745
4791 745
4792 745
4793 745
4794 745
4795 745
4796 745
4797 745
4798 745
4799 745
4800 745
4801 745
4802 745
4803 745
4804 745
4805 745
4806 745
4807 745
4808 745
4809 745
4810 745
4811 745
4812 745
4813 745
4814 745
4815 745
4816 745
4817 745
4818 745
4819 745
4820 745
4821 745
4822 745
4823 745
4824 745
4825 745
4826 745
4827 745
4828 745
4829 745
4830 745
4831 745
4832 745
4833 745
4834 745
4835 745
4836 745
4837 745
4838 745
4839 745
4840 745
4841 745
4842 745
4843 745
4844 745
4845 745
4846 745
4847 745
4848 745
4849 745
4850 745
4851 745
4852 745
4853 745
4854 745
4855 745
4856 745
4857 745
4858 745
4859 745
4860 745
4861 745
4862 745
4863 745
4864 745
4865 745
4866 745
4867 745
4868 745
4869 745
4870 745
4871 745
4872 745
4873 745
4874 745
4875 745
4876 745
4877 745
4878 745
4879 745
4880 745
4881 745
4882 745
4883 745
4884 745
4885 745
4886 745
4887 745
4888 745
4889 745
4890 745
4891 745
4892 745
4893 745
4894 745
4895 745
4896 745
4897 745
4898 745
4899 745
4900 745
4901 745
4902 745
4903 745
4904 745
4905 745
4906 745
4907 745
4908 745
4909 745
4910 745
4911 745
4912 745
4913 745
4914 745
4915 745
4916 745
4917 745
4918 745
4919 745
4920 745
4921 745
4922 745
4923 745
4924 745
4925 745
4926 745
4927 745
4928 745
4929 745
4930 745
4931 745
4932 745
4933 745
4934 745
4935 745
4936 745
4937 745
4938 745
4939 745
4940 745
4941 745
4942 745
4943 745
4944 745
4945 745
4946 745
4947 745
4948 745
4949 745
4950 745
4951 745
4952 745
4953 745
4954 745
4955 745
4956 745
4957 745
4958 745
4959 745
4960 745
4961 745
4962 745
4963 745
4964 745
4965 745
4966 745
4967 745
4968 745
4969 745
4970 745
4971 745
4972 745
4973 745
4974 745
4975 745
4976 745
4977 745
4978 745
4979 745
4980 745
4981 745
4982 745
4983 745
4984 745
4985 745
4986 745
4987 745
4988 745
4989 745
4990 745
4991 745
4992 745
4993 745
4994 745
4995 745
4996 745
4997 745
4998 745
4999 745
5000 745
5001 745
5002 745
5003 745
5004 745
5005 745
5006 745
5007 745
5008 745
5009 745
5010 745
5011 745
5012 745
5013 745
5014 745
5015 745
5016 745
5017 745
5018 745
5019 745
5020 745
5021 745
5022 745
5023 745
5024 745
5025 745
5026 745
5027 745
5028 745
5029 745
5030 745
5031 745
5032 745
5033 745
5034 745
5035 745
5036 745
5037 745
5038 745
5039 745
5040 745
5041 745
5042 745
5043 745
5044 745
5045 745
5046 745
5047 745
5048 745
5049 745
5050 745
5051 745
5052 745
5053 745
5054 745
5055 745
5056 745
5057 745
5058 745
5059 745
5060 745
5061 745
5062 745
5063 745
5064 745
5065 745
5066 745
5067 745
5068 745
5069 745
5070 745
5071 745
5072 745
5073 745
5074 745
5075 745
5076 745
5077 745
5078 745
5079 745
5080 745
5081 745
5082 745
5083 745
5084 745
5085 745
5086 745
5087 745
5088 745
5089 745
5090 745
5091 745
5092 745
5093 745
5094 745
5095 745
5096 745
5097 745
5098 745
5099 745
5100 745
5101 745
5102 745
5103 745
5104 745
5105 745
5106 745
5107 745
5108 745
5109 745
5110 745
5111 745
5112 745
5113 745
5114 745
5115 745
5116 745
5117 745
5118 745
5119 745
5120 745
5121 745
5122 745
5123 745
5124 745
5125 745
5126 745
5127 745
5128 745
5129 745
5130 745
5131 745
5132 745
5133 745
5134 745
5135 745
5136 745
5137 745
5138 745
5139 745
5140 745
5141 745
5142 745
5143 745
5144 745
5145 745
5146 745
5147 745
5148 745
5149 745
5150 745
5151 745
5152 745
5153 745
5154 745
5155 745
5156 745
5157 745
5158 745
5159 745
5160 745
5161 745
5162 745
5163 745
5164 745
5165 745
5166 745
5167 745
5168 745
5169 745
5170 745
5171 745
5172 745
5173 745
5174 745
5175 745
5176 745
5177 745
5178 745
5179 745
5180 745
5181 745
5182 745
5183 745
5184 745
5185 745
5186 745
5187 745
5188 745
5189 745
5190 745
5191 745
5192 745
5193 745
5194 745
5195 745
5196 745
5197 745
5198 745
5199 745
5200 745
5201 745
5202 745
5203 745
5204 745
5205 745
5206 745
5207 745
5208 745
5209 745
5210 745
5211 745
5212 745
5213 745
5214 745
5215 745
5216 745
5217 745
5218 745
5219 745
5220 745
5221 745
5222 745
5223 745
5224 745
5225 745
5226 745
5227 745
5228 745
5229 745
5230 745
5231 745
5232 745
5233 745
5234 745
5235 745
5236 745
5237 745
5238 745
5239 745
5240 745
5241 745
5242 745
5243 745
5244 745
5245 745
5246 745
5247 745
5248 745
5249 745
5250 745
5251 745
5252 745
5253 745
5254 745
5255 745
5256 745
5257 745
5258 745
5259 745
5260 745
5261 745
5262 745
5263 745
5264 745
5265 745
5266 745
5267 745
5268 745
5269 745
5270 745
5271 745
5272 745
5273 745
5274 745
5275 745
5276 745
5277 745
5278 745
5279 745
5280 745
5281 745
5282 745
5283 745
5284 745
5285 745
5286 745
5287 745
5288 745
5289 745
5290 745
5291 745
5292 745
5293 745
5294 745
5295 745
5296 745
5297 745
5298 745
5299 745
5300 745
5301 745
5302 745
5303 745
5304 745
5305 745
5306 745
5307 745
5308 745
5309 745
5310 745
5311 745
5312 745
5313 745
5314 745
5315 745
5316 745
5317 745
5318 745
5319 745
5320 745
5321 745
5322 745
5323 745
5324 745
5325 745
5326 745
5327 745
5328 745
5329 745
5330 745
5331 745
5332 745
5333 745
5334 745
5335 745
5336 745
5337 745
5338 745
5339 745
5340 745
5341 745
5342 745
5343 745
5344 745
5345 745
5346 745
5347 745
5348 745
5349 745
5350 745
5351 745
5352 745
5353 745
5354 745
5355 745
5356 745
5357 745
5358 745
5359 745
5360 745
5361 745
5362 745
5363 745
5364 745
5365 745
5366 745
5367 745
5368 745
5369 745
5370 745
5371 745
5372 745
5373 745
5374 745
5375 745
5376 745
5377 745
5378 745
5379 745
5380 745
5381 745
5382 745
5383 745
5384 745
5385 745
5386 745
5387 745
5388 745
5389 745
5390 745
5391 745
5392 745
5393 745
5394 745
5395 745
5396 745
5397 745
5398 745
5399 745
5400 745
5401 745
5402 745
5403 745
5404 745
5405 745
5406 745
5407 745
5408 745
5409 745
5410 745
5411 745
5412 745
5413 745
5414 745
5415 745
5416 745
5417 745
5418 745
5419 745
5420 745
5421 745
5422 745
5423 745
5424 745
5425 745
5426 745
5427 745
5428 745
5429 745
5430 745
5431 745
5432 745
5433 745
5434 745
5435 745
5436 745
5437 745
5438 745
5439 745
5440 745
5441 745
5442 745
5443 745
5444 745
5445 745
5446 745
5447 745
5448 745
5449 745
5450 745
5451 745
5452 745
5453 745
5454 745
5455 745
5456 745
5457 745
5458 745
5459 745
5460 745
5461 745
5462 745
5463 745
5464 745
5465 745
5466 745
5467 745
5468 745
5469 745
5470 745
5471 745
5472 745
5473 745
5474 745
5475 745
5476 745
5477 745
5478 745
5479 745
5480 745
5481 745
5482 745
5483 745
5484 745
5485 745
5486 745
5487 745
5488 745
5489 745
5490 745
5491 745
5492 745
5493 745
5494 745
5495 745
5496 745
5497 745
5498 745
5499 745
5500 745
5501 745
5502 745
5503 745
5504 745
5505 745
5506 745
5507 745
5508 745
5509 745
5510 745
5511 745
5512 745
5513 745
5514 745
5515 745
5516 745
5517 745
5518 745
5519 745
5520 745
5521 745
5522 745
5523 745
5524 745
5525 745
5526 745
5527 745
5528 745
5529 745
5530 745
5531 745
5532 745
5533 745
5534 745
5535 745
5536 745
5537 745
5538 745
5539 745
5540 745
5541 745
5542 745
5543 745
5544 745
5545 745
5546 745
5547 745
5548 745
5549 745
5550 745
5551 745
5552 745
5553 745
5554 745
5555 745
5556 745
5557 745
5558 745
5559 745
5560 745
5561 745
5562 745
5563 745
5564 745
5565 745
5566 745
5567 745
5568 745
5569 745
5570 745
5571 745
5572 745
5573 745
5574 745
5575 745
5576 745
5577 745
5578 745
5579 745
5580 745
5581 745
5582 745
5583 745
5584 745
5585 745
5586 745
5587 745
5588 745
5589 745
5590 745
5591 745
5592 745
5593 745
5594 745
5595 745
5596 745
5597 745
5598 745
5599 745
5600 745
5601 745
5602 745
5603 745
5604 745
5605 745
5606 745
5607 745
5608 745
5609 745
5610 745
5611 745
5612 745
5613 745
5614 745
5615 745
5616 745
5617 745
5618 745
5619 745
5620 745
5621 745
5622 745
5623 745
5624 745
5625 745
5626 745
5627 745
5628 745
5629 745
5630 745
5631 745
5632 745
5633 745
5634 745
5635 745
5636 745
5637 745
5638 745
5639 745
5640 745
5641 745
5642 745
5643 745
5644 745
5645 745
5646 745
5647 745
5648 745
5649 745
5650 745
5651 745
5652 745
5653 745
5654 745
5655 745
5656 745
5657 745
5658 745
5659 745
5660 745
5661 745
5662 745
5663 745
5664 745
5665 745
5666 745
5667 745
5668 745
5669 745
5670 745
5671 745
5672 745
5673 745
5674 745
5675 745
5676 745
5677 745
5678 745
5679 745
5680 745
5681 745
5682 745
5683 745
5684 745
5685 745
5686 745
5687 745
5688 745
5689 745
5690 745
5691 745
5692 745
5693 745
5694 745
5695 745
5696 745
5697 745
5698 745
5699 745
5700 745
5701 745
5702 745
5703 745
5704 745
5705 745
5706 745
5707 745
5708 745
5709 745
5710 745
5711 745
5712 745
5713 745
5714 745
5715 745
5716 745
5717 745
5718 745
5719 745
5720 745
5721 745
5722 745
5723 745
5724 745
5725 745
5726 745
5727 745
5728 745
5729 745
5730 745
5731 745
5732 745
5733 745
5734 745
5735 745
5736 745
5737 745
5738 745
5739 745
5740 745
5741 745
5742 745
5743 745
5744 745
5745 745
5746 745
5747 745
5748 745
5749 745
5750 745
5751 745
5752 745
5753 745
5754 745
5755 745
5756 745
5757 745
5758 745
5759 745
5760 745
5761 745
5762 745
5763 745
5764 745
5765 745
5766 745
5767 745
5768 745
5769 745
5770 745
5771 745
5772 745
5773 745
5774 745
5775 745
5776 745
5777 745
5778 745
5779 745
5780 745
5781 745
5782 745
5783 745
5784 745
5785 745
5786 745
5787 745
5788 745
5789 745
5790 745
5791 745
5792 745
5793 745
5794 745
5795 745
5796 745
5797 745
5798 745
5799 745
5800 745
5801 745
5802 745
5803 745
5804 745
5805 745
5806 745
5807 745
5808 745
5809 745
5810 745
5811 745
5812 745
5813 745
5814 745
5815 745
5816 745
5817 745
5818 745
5819 745
5820 745
5821 745
5822 745
5823 745
5824 745
5825 745
5826 745
5827 745
5828 745
5829 745
5830 745
5831 745
5832 745
5833 745
5834 745
5835 745
5836 745
5837 745
5838 745
5839 745
5840 745
5841 745
5842 745
5843 745
5844 745
5845 745
5846 745
5847 745
5848 745
5849 745
5850 745
5851 745
5852 745
5853 745
5854 745
5855 745
5856 745
5857 745
5858 745
5859 745
5860 745
5861 745
5862 745
5863 745
5864 745
5865 745
5866 745
5867 745
5868 745
5869 745
5870 745
5871 745
5872 745
5873 745
5874 745
5875 745
5876 745
5877 745
5878 745
5879 745
5880 745
5881 745
5882 745
5883 745
5884 745
5885 745
5886 745
5887 745
5888 745
5889 745
5890 745
5891 745
5892 745
5893 745
5894 745
5895 745
5896 745
5897 745
5898 745
5899 745
5900 745
5901 745
5902 745
5903 745
5904 745
5905 745
5906 745
5907 745
5908 745
5909 745
5910 745
5911 745
5912 745
5913 745
5914 745
5915 745
5916 745
5917 745
5918 745
5919 745
5920 745
5921 745
5922 745
5923 745
5924 745
5925 745
5926 745
5927 745
5928 745
5929 745
5930 745
5931 745
5932 745
5933 745
5934 745
5935 745
5936 745
5937 745
5938 745
5939 745
5940 745
5941 745
5942 745
5943 745
5944 745
5945 745
5946 745
5947 745
5948 745
5949 745
5950 745
5951 745
5952 745
5953 745
5954 745
5955 745
5956 745
5957 745
5958 745
5959 745
5960 745
5961 745
5962 745
5963 745
5964 745
5965 745
5966 745
5967 745
5968 745
5969 745
5970 745
5971 745
5972 745
5973 745
5974 745
5975 745
5976 745
5977 745
5978 745
5979 745
5980 745
5981 745
5982 745
5983 745
5984 745
5985 745
5986 745
5987 745
5988 745
5989 745
5990 745
5991 745
5992 745
5993 745
5994 745
5995 745
5996 745
5997 745
5998 745
5999 745
6000 745
6001 745
6002 745
6003 745
6004 745
6005 745
6006 745
6007 745
6008 745
6009 745
6010 745
6011 745
6012 745
6013 745
6014 745
6015 745
6016 745
6017 745
6018 745
6019 745
6020 745
6021 745
6022 745
6023 745
6024 745
6025 745
6026 745
6027 745
6028 745
6029 745
6030 745
6031 745
6032 745
6033 745
6034 745
6035 745
6036 745
6037 745
6038 745
6039 745
6040 745
6041 745
6042 745
6043 745
6044 745
6045 745
6046 745
6047 745
6048 745
6049 745
6050 745
6051 745
6052 745
6053 745
6054 745
6055 745
6056 745
6057 745
6058 745
6059 745
6060 745
6061 745
6062 745
6063 745
6064 745
6065 745
6066 745
6067 745
6068 745
6069 745
6070 745
6071 745
6072 745
6073 745
6074 745
6075 745
6076 745
6077 745
6078 745
6079 745
6080 745
6081 745
6082 745
6083 745
6084 745
6085 745
6086 745
6087 745
6088 745
6089 745
6090 745
6091 745
6092 745
6093 745
6094 745
6095 745
6096 745
6097 745
6098 745
6099 745
6100 745
6101 745
6102 745
6103 745
6104 745
6105 745
6106 745
6107 745
6108 745
6109 745
6110 745
6111 745
6112 745
6113 745
6114 745
6115 745
6116 745
6117 745
6118 745
6119 745
6120 745
6121 745
6122 745
6123 745
6124 745
6125 745
6126 745
6127 745
6128 745
6129 745
6130 745
6131 745
6132 745
6133 745
6134 745
6135 745
6136 745
6137 745
6138 745
6139 745
6140 745
6141 745
6142 745
6143 745
6144 12304
6145 0
6146 0
6147 0
6148 14354
6149 0
6150 0
6151 0
6152 745
6153 745
6154 745
6155 745
6156 745
6157 745
6158 745
6159 745
6160 745
6161 745
6162 745
6163 745
6164 745
6165 745
6166 745
6167 745
6168 745
6169 745
6170 745
6171 745
6172 745
6173 745
6174 745
6175 745
6176 745
6177 745
6178 745
6179 745
6180 745
6181 745
6182 745
6183 745
6184 745
6185 745
6186 745
6187 745
6188 745
6189 745
6190 745
6191 745
6192 745
6193 745
6194 745
6195 745
6196 745
6197 745
6198 745
6199 745
6200 745
6201 745
6202 745
6203 745
6204 745
6205 745
6206 745
6207 745
6208 745
6209 745
6210 745
6211 745
6212 745
6213 745
6214 745
6215 745
6216 745
6217 745
6218 745
6219 745
6220 745
6221 745
6222 745
6223 745
6224 745
6225 745
6226 745
6227 745
6228 745
6229 745
6230 745
6231 745
6232 745
6233 745
6234 745
6235 745
6236 745
6237 745
6238 745
6239 745
6240 745
6241 745
6242 745
6243 745
6244 745
6245 745
6246 745
6247 745
6248 745
6249 745
6250 745
6251 745
6252 745
6253 745
6254 745
6255 745
6256 745
6257 745
6258 745
6259 745
6260 745
6261 745
6262 745
6263 745
6264 745
6265 745
6266 745
6267 745
6268 745
6269 745
6270 745
6271 745
6272 745
6273 745
6274 745
6275 745
6276 745
6277 745
6278 745
6279 745
6280 745
6281 745
6282 745
6283 745
6284 745
6285 745
6286 745
6287 745
6288 745
6289 745
6290 745
6291 745
6292 745
6293 745
6294 745
6295 745
6296 745
6297 745
6298 745
6299 745
6300 745
6301 745
6302 745
6303 745
6304 745
6305 745
6306 745
6307 745
6308 745
6309 745
6310 745
6311 745
6312 745
6313 745
6314 745
6315 745
6316 745
6317 745
6318 745
6319 745
6320 745
6321 745
6322 745
6323 745
6324 745
6325 745
6326 745
6327 745
6328 745
6329 745
6330 745
6331 745
6332 745
6333 745
6334 745
6335 745
6336 745
6337 745
6338 745
6339 745
6340 745
6341 745
6342 745
6343 745
6344 745
6345 745
6346 745
6347 745
6348 745
6349 745
6350 745
6351 745
6352 745
6353 745
6354 745
6355 745
6356 745
6357 745
6358 745
6359 745
6360 745
6361 745
6362 745
6363 745
6364 745
6365 745
6366 745
6367 745
6368 745
6369 745
6370 745
6371 745
6372 745
6373 745
6374 745
6375 745
6376 745
6377 745
6378 745
6379 745
6380 745
6381 745
6382 745
6383 745
6384 745
6385 745
6386 745
6387 745
6388 745
6389 745
6390 745
6391 745
6392 745
6393 745
6394 745
6395 745
6396 745
6397 745
6398 745
6399 745
6400 745
6401 745
6402 745
6403 745
6404 745
6405 745
6406 745
6407 745
6408 745
6409 745
6410 745
6411 745
6412 745
6413 745
6414 745
6415 745
6416 745
6417 745
6418 745
6419 745
6420 745
6421 745
6422 745
6423 745
6424 745
6425 745
6426 745
6427 745
6428 745
6429 745
6430 745
6431 745
6432 745
6433 745
6434 745
6435 745
6436 745
6437 745
6438 745
6439 745
6440 745
6441 745
6442 745
6443 745
6444 745
6445 745
6446 745
6447 745
6448 745
6449 745
6450 745
6451 745
6452 745
6453 745
6454 745
6455 745
6456 745
6457 745
6458 745
6459 745
6460 745
6461 745
6462 745
6463 745
6464 745
6465 745
6466 745
6467 745
6468 745
6469 745
6470 745
6471 745
6472 745
6473 745
6474 745
6475 745
6476 745
6477 745
6478 745
6479 745
6480 745
6481 745
6482 745
6483 745
6484 745
6485 745
6486 745
6487 745
6488 745
6489 745
6490 745
6491 745
6492 745
6493 745
6494 745
6495 745
6496 745
6497 745
6498 745
6499 745
6500 745
6501 745
6502 745
6503 745
6504 745
6505 745
6506 745
6507 745
6508 745
6509 745
6510 745
6511 745
6512 745
6513 745
6514 745
6515 745
6516 745
6517 745
6518 745
6519 745
6520 745
6521 745
6522 745
6523 745
6524 745
6525 745
6526 745
6527 745
6528 745
6529 745
6530 745
6531 745
6532 745
6533 745
6534 745
6535 745
6536 745
6537 745
6538 745
6539 745
6540 745
6541 745
6542 745
6543 745
6544 745
6545 745
6546 745
6547 745
6548 745
6549 745
6550 745
6551 745
6552 745
6553 745
6554 745
6555 745
6556 745
6557 745
6558 745
6559 745
6560 745
6561 745
6562 745
6563 745
6564 745
6565 745
6566 745
6567 745
6568 745
6569 745
6570 745
6571 745
6572 745
6573 745
6574 745
6575 745
6576 745
6577 745
6578 745
6579 745
6580 745
6581 745
6582 745
6583 745
6584 745
6585 745
6586 745
6587 745
6588 745
6589 745
6590 745
6591 745
6592 745
6593 745
6594 745
6595 745
6596 745
6597 745
6598 745
6599 745
6600 745
6601 745
6602 745
6603 745
6604 745
6605 745
6606 745
6607 745
6608 745
6609 745
6610 745
6611 745
6612 745
6613 745
6614 745
6615 745
6616 745
6617 745
6618 745
6619 745
6620 745
6621 745
6622 745
6623 745
6624 745
6625 745
6626 745
6627 745
6628 745
6629 745
6630 745
6631 745
6632 745
6633 745
6634 745
6635 745
6636 745
6637 745
6638 745
6639 745
6640 745
6641 745
6642 745
6643 745
6644 745
6645 745
6646 745
6647 745
6648 745
6649 745
6650 745
6651 745
6652 745
6653 745
6654 745
6655 745
6656 745
6657 745
6658 745
6659 745
6660 745
6661 745
6662 745
6663 745
6664 745
6665 745
6666 745
6667 745
6668 745
6669 745
6670 745
6671 745
6672 745
6673 745
6674 745
6675 745
6676 745
6677 745
6678 745
6679 745
6680 745
6681 745
6682 745
6683 745
6684 745
6685 745
6686 745
6687 745
6688 745
6689 745
6690 745
6691 745
6692 745
6693 745
6694 745
6695 745
6696 745
6697 745
6698 745
6699 745
6700 745
6701 745
6702 745
6703 745
6704 745
6705 745
6706 745
6707 745
6708 745
6709 745
6710 745
6711 745
6712 745
6713 745
6714 745
6715 745
6716 745
6717 745
6718 745
6719 745
6720 745
6721 745
6722 745
6723 745
6724 745
6725 745
6726 745
6727 745
6728 745
6729 745
6730 745
6731 745
6732 745
6733 745
6734 745
6735 745
6736 745
6737 745
6738 745
6739 745
6740 745
6741 745
6742 745
6743 745
6744 745
6745 745
6746 745
6747 745
6748 745
6749 745
6750 745
6751 745
6752 745
6753 745
6754 745
6755 745
6756 745
6757 745
6758 745
6759 745
6760 745
6761 745
6762 745
6763 745
6764 745
6765 745
6766 745
6767 745
6768 745
6769 745
6770 745
6771 745
6772 745
6773 745
6774 745
6775 745
6776 745
6777 745
6778 745
6779 745
6780 745
6781 745
6782 745
6783 745
6784 745
6785 745
6786 745
6787 745
6788 745
6789 745
6790 745
6791 745
6792 745
6793 745
6794 745
6795 745
6796 745
6797 745
6798 745
6799 745
6800 745
6801 745
6802 745
6803 745
6804 745
6805 745
6806 745
6807 745
6808 745
6809 745
6810 745
6811 745
6812 745
6813 745
6814 745
6815 745
6816 745
6817 745
6818 745
6819 745
6820 745
6821 745
6822 745
6823 745
6824 745
6825 745
6826 745
6827 745
6828 745
6829 745
6830 745
6831 745
6832 745
6833 745
6834 745
6835 745
6836 745
6837 745
6838 745
6839 745
6840 745
6841 745
6842 745
6843 745
6844 745
6845 745
6846 745
6847 745
6848 745
6849 745
6850 745
6851 745
6852 745
6853 745
6854 745
6855 745
6856 745
6857 745
6858 745
6859 745
6860 745
6861 745
6862 745
6863 745
6864 745
6865 745
6866 745
6867 745
6868 745
6869 745
6870 745
6871 745
6872 745
6873 745
6874 745
6875 745
6876 745
6877 745
6878 745
6879 745
6880 745
6881 745
6882 745
6883 745
6884 745
6885 745
6886 745
6887 745
6888 745
6889 745
6890 745
6891 745
6892 745
6893 745
6894 745
6895 745
6896 745
6897 745
6898 745
6899 745
6900 745
6901 745
6902 745
6903 745
6904 745
6905 745
6906 745
6907 745
6908 745
6909 745
6910 745
6911 745
6912 745
6913 745
6914 745
6915 745
6916 745
6917 745
6918 745
6919 745
6920 745
6921 745
6922 745
6923 745
6924 745
6925 745
6926 745
6927 745
6928 745
6929 745
6930 745
6931 745
6932 745
6933 745
6934 745
6935 745
6936 745
6937 745
6938 745
6939 745
6940 745
6941 745
6942 745
6943 745
6944 745
6945 745
6946 745
6947 745
6948 745
6949 745
6950 745
6951 745
6952 745
6953 745
6954 745
6955 745
6956 745
6957 745
6958 745
6959 745
6960 745
6961 745
6962 745
6963 745
6964 745
6965 745
6966 745
6967 745
6968 745
6969 745
6970 745
6971 745
6972 745
6973 745
6974 745
6975 745
6976 745
6977 745
6978 745
6979 745
6980 745
6981 745
6982 745
6983 745
6984 745
6985 745
6986 745
6987 745
6988 745
6989 745
6990 745
6991 745
6992 745
6993 745
6994 745
6995 745
6996 745
6997 745
6998 745
6999 745
7000 745
7001 745
7002 745
7003 745
7004 745
7005 745
7006 745
7007 745
7008 745
7009 745
7010 745
7011 745
7012 745
7013 745
7014 745
7015 745
7016 745
7017 745
7018 745
7019 745
7020 745
7021 745
7022 745
7023 745
7024 745
7025 745
7026 745
7027 745
7028 745
7029 745
7030 745
7031 745
7032 745
7033 745
7034 745
7035 745
7036 745
7037 745
7038 745
7039 745
7040 745
7041 745
7042 745
7043 745
7044 745
7045 745
7046 745
7047 745
7048 745
7049 745
7050 745
7051 745
7052 745
7053 745
7054 745
7055 745
7056 745
7057 745
7058 745
7059 745
7060 745
7061 745
7062 745
7063 745
7064 745
7065 745
7066 745
7067 745
7068 745
7069 745
7070 745
7071 745
7072 745
7073 745
7074 745
7075 745
7076 745
7077 745
7078 745
7079 745
7080 745
7081 745
7082 745
7083 745
7084 745
7085 745
7086 745
7087 745
7088 745
7089 745
7090 745
7091 745
7092 745
7093 745
7094 745
7095 745
7096 745
7097 745
7098 745
7099 745
7100 745
7101 745
7102 745
7103 745
7104 745
7105 745
7106 745
7107 745
7108 745
7109 745
7110 745
7111 745
7112 745
7113 745
7114 745
7115 745
7116 745
7117 745
7118 745
7119 745
7120 745
7121 745
7122 745
7123 745
7124 745
7125 745
7126 745
7127 745
7128 745
7129 745
7130 745
7131 745
7132 745
7133 745
7134 745
7135 745
7136 745
7137 745
7138 745
7139 745
7140 745
7141 745
7142 745
7143 745
7144 745
7145 745
7146 745
7147 745
7148 745
7149 745
7150 745
7151 745
7152 745
7153 745
7154 745
7155 745
7156 745
7157 745
7158 745
7159 745
7160 745
7161 745
7162 745
7163 745
7164 745
7165 745
7166 745
7167 745
7168 745
7169 745
7170 745
7171 745
7172 745
7173 745
7174 745
7175 745
7176 745
7177 745
7178 745
7179 745
7180 745
7181 745
7182 745
7183 745
7184 745
7185 745
7186 745
7187 745
7188 745
7189 745
7190 745
7191 745
7192 745
7193 745
7194 745
7195 745
7196 745
7197 745
7198 745
7199 745
7200 745
7201 745
7202 745
7203 745
7204 745
7205 745
7206 745
7207 745
7208 745
7209 745
7210 745
7211 745
7212 745
7213 745
7214 745
7215 745
7216 745
7217 745
7218 745
7219 745
7220 745
7221 745
7222 745
7223 745
7224 745
7225 745
7226 745
7227 745
7228 745
7229 745
7230 745
7231 745
7232 745
7233 745
7234 745
7235 745
7236 745
7237 745
7238 745
7239 745
7240 745
7241 745
7242 745
7243 745
7244 745
7245 745
7246 745
7247 745
7248 745
7249 745
7250 745
7251 745
7252 745
7253 745
7254 745
7255 745
7256 745
7257 745
7258 745
7259 745
7260 745
7261 745
7262 745
7263 745
7264 745
7265 745
7266 745
7267 745
7268 745
7269 745
7270 745
7271 745
7272 745
7273 745
7274 745
7275 745
7276 745
7277 745
7278 745
7279 745
7280 745
7281 745
7282 745
7283 745
7284 745
7285 745
7286 745
7287 745
7288 745
7289 745
7290 745
7291 745
7292 745
7293 745
7294 745
7295 745
7296 745
7297 745
7298 745
7299 745
7300 745
7301 745
7302 745
7303 745
7304 745
7305 745
7306 745
7307 745
7308 745
7309 745
7310 745
7311 745
7312 745
7313 745
7314 745
7315 745
7316 745
7317 745
7318 745
7319 745
7320 745
7321 745
7322 745
7323 745
7324 745
7325 745
7326 745
7327 745
7328 745
7329 745
7330 745
7331 745
7332 745
7333 745
7334 745
7335 745
7336 745
7337 745
7338 745
7339 745
7340 745
7341 745
7342 745
7343 745
7344 745
7345 745
7346 745
7347 745
7348 745
7349 745
7350 745
7351 745
7352 745
7353 745
7354 745
7355 745
7356 745
7357 745
7358 745
7359 745
7360 745
7361 745
7362 745
7363 745
7364 745
7365 745
7366 745
7367 745
7368 745
7369 745
7370 745
7371 745
7372 745
7373 745
7374 745
7375 745
7376 745
7377 745
7378 745
7379 745
7380 745
7381 745
7382 745
7383 745
7384 745
7385 745
7386 745
7387 745
7388 745
7389 745
7390 745
7391 745
7392 745
7393 745
7394 745
7395 745
7396 745
7397 745
7398 745
7399 745
7400 745
7401 745
7402 745
7403 745
7404 745
7405 745
7406 745
7407 745
7408 745
7409 745
7410 745
7411 745
7412 745
7413 745
7414 745
7415 745
7416 745
7417 745
7418 745
7419 745
7420 745
7421 745
7422 745
7423 745
